0.002447654238047251
0.027934070573246914
0.006495462720165219
0.010831245853360668
0.005372742782828852
0.04986840338280881
0.013058898772861854
0.010547909353922335
0.05334733538877428
0.0
0.016368473084287384
0.027102614431806976
0.016516368179136494
0.03356996692968906
0.009520024143284097
0.060342201801039615
0.03852653814705857
0.0968915379258396
0.003911004269179701
0.013264880242628684
0.03838565618576912
0.0027522935779816515
0.010055681128351323
0.002447654238047251
0.027934070573246914
0.006495462720165219
0.010831245853360668
0.005372742782828852
0.04986840338280881
0.013058898772861854
0.010547909353922335
0.05334733538877428
0.0
0.016368473084287384
0.002447654238047251
0.027934070573246914
0.006495462720165219
0.010831245853360668
0.005372742782828852
0.04986840338280881
0.013058898772861854
0.010547909353922335
0.05334733538877428
0.0
0.016368473084287384
0.027102614431806976
0.016516368179136494
0.03356996692968906
0.009520024143284097
0.060342201801039615
0.03852653814705857
0.0968915379258396
0.003911004269179701
0.013264880242628684
0.03838565618576912
0.0027522935779816515
0.010055681128351323
0.002447654238047251
0.027934070573246914
0.006495462720165219
0.010831245853360668
0.005372742782828852
0.04986840338280881
0.013058898772861854
0.010547909353922335
0.05334733538877428
0.0
0.016368473084287384
0.027102614431806976
0.016516368179136494
0.03356996692968906
0.009520024143284097
0.060342201801039615
0.03852653814705857
0.0968915379258396
0.003911004269179701
0.013264880242628684
0.03838565618576912
0.0027522935779816515
0.010055681128351323
0.3123479683123143
0.015864135968533276
0.006583222338555799
0.09809397189535736
0.028318898660601246
0.024051012455575286
0.011916528963647383
0.009933006273440015
0.08120735969349453
0.03935923865545385
0.041060674748159956
0.01401925484755511
0.07849352439270293
0.019966618247536455
0.09486242389736449
0.018446285283577134
0.028443584959420717
0.02943625997895881
0.00791053500100167
0.030187205431451678
0.03628507220229284
0.024271963601330434
0.04006627625638297
0.3839258005714131
0.026930008366964447
0.03083439144952308
0.04126728054529968
0.016654519944496828
0.030904918747052822
0.10816776202017896
0.0069685726678788305
0.021147983592745053
0.06064360678427077
0.018516732992987183
0.01301648211080397
0.06956291121650611
0.01341387928330456
0.05582700932422869
0.022426664033520165
0.03848063158908114
0.037297065861322885
0.05413843005402243
0.028503993734724013
0.13464231614099545
0.02747378430212205
0.030788861362241845
0.02598167181169339
0.04655746472985962
0.07253160776739082
0.043401042110863576
0.019096973605657895
0.0855620187274274
0.22531919051807078
0.031232243052798068
0.022762828701950417
0.10521760192113139
0.04069312296311718
0.016470864741473985
0.06967179219477751
0.012961804603767087
0.06876218851646362
0.026376476468436345
0.019820274457550295
0.033440534899022926
0.030327975750804887
0.04844376202966888
0.03639582148720966
0.05372438539937831
0.17981482152699238
0.02058719958864074
0.03210680971875002
0.03642177396452982
0.04697077130486043
0.03762817159968055
0.069406387888931
0.04220984646157569
0.022116068157196946
0.3102222629578806
0.08542856708122912
0.06803662764615008
0.044513490983742264
0.02943078641896639
0.12221394846449354
0.07985492933327153
0.04071311607063493
0.10582057201726772
0.06200587110353549
0.07131828796233945
0.06635137251473278
0.0008960573476702509
0.02193672601686184
0.04244883597939941
0.04269262532996195
0.05031787915988176
0.08659928933026607
0.011576777917744203
0.03369099536187424
0.04723949854477276
0.2205143781771183
0.04166630381842763
0.014805362891761613
0.05344795251215468
0.05466924781348846
0.05196115358309328
0.07984336515835452
0.021647496311121568
0.09001443488308727
0.057407525378539874
0.02204723533769601
0.048353413918284405
0.04461769846106508
0.01764398055169572
0.07571212012480896
0.13736649768637205
0.05893584649993248
0.002945547997325514
0.006996359979419346
0.11246739429410248
0.03393528353029169
0.05836285314834769
0.0511103478603069
0.07768251970387131
0.132036713122476
0.01831639276195728
0.1290879761722011
0.02980658424592261
0.032518437285833
0.056005432712208744
0.039980376346729414
0.047917109355782604
0.08135801671379157
0.033128809438241195
0.02127391945640272
0.0744726271427442
0.03442256476696152
0.06526768539086109
0.02378218282834667
0.02441469039402088
0.04017223346583835
0.07494832293779188
0.06769850837724925
0.0743989694697244
0.03636876263932563
0.07564144441431014
0.03391240608032931
0.04184569853888012
0.0807223979801097
0.046428230317821985
0.043522146409275916
0.04373440459938721
0.02485604411460595
0.06338898121152743
0.04867696574275522
0.07304110536307275
0.03990653790366471
0.05593070206868854
0.019411022482669536
0.06268802584918516
0.035524532959946065
0.04842990467917269
0.020844953542673687
0.13164252568858817
0.05495100696276479
0.11149714575919394
0.05168759406043649
0.06046390450173345
0.07421755059894426
0.033763874908160206
0.11447955290038198
0.05788736667074805
0.04476932158225656
0.03430481366451129
0.00741502280102869
0.03491298703938261
0.03787203109443674
0.013199891007850791
0.036077808296425734
0.03670798335715094
0.0490891638971506
0.055408154118335856
0.14198991682675088
0.021458438251799546
0.0640558747349662
0.01723882095860948
0.0646430560874709
0.03276870980904286
0.04213947413442953
0.04388926456293874
0.05637922506801732
0.17042704001917447
0.030806681891962635
0.046725858839173524
0.1903843632782505
0.053930146561161824
0.08122373204036513
0.07266740531332398
0.0775368597940775
0.03262450553600698
0.0145664945862747
0.040144990754180085
0.040543925020324285
0.13624979972716036
0.05732759615569252
0.0939303294991634
0.11680545644403251
0.07916496723507489
0.06662503613481793
0.14817567648538546
0.10136028798280454
0.09323591389308399
0.1178611243828635
0.028817247397715143
0.2725641025641025
0.11054117371837725
0.050120048486792364
0.056814109171811365
0.04276649547699592
0.020826822808275695
0.06135123570110237
0.026112005141519724
0.04595747257690578
0.09957815804331072
0.05421443759544446
0.08768772818619147
0.23186540105481712
0.0042182872795886285
0.04901182164332643
0.08761325604633616
0.043162327085417715
0.03587338271004517
0.03863255376665339
0.26735054110830514
0.07738753416390556
0.09413120259699087
0.04706268969721912
0.021425056863089792
0.02020493905366076
0.06286942865258523
0.04240277750437278
0.09161690682052218
0.02244390739025494
0.06324232416833285
0.03586597072026568
0.09301251007488535
0.06923772793409921
0.0032731923035592713
0.09964885925103491
0.08884245256232662
0.08613808478109507
0.01676534859956594
0.5838760518354027
0.06937223641558642
0.044620420695130905
0.08100185410159177
0.01767553032400232
0.044746111978015805
0.017741165070535317
0.03046691576373865
0.0566929379012331
0.10692008226225327
0.03459793579881893
0.05043069594741265
0.16612623598269532
0.1630860095976375
0.10032679738562092
0.057939358848820045
0.0515485104404842
0.009057075220372607
0.12488788221049077
0.028846722676729303
0.04330867345049153
0.015950227497361504
0.0664828952542796
0.07244756613333055
0.032163882636854324
0.21647625094100464
0.245497127095654
0.07469927541708977
0.042415126252877904
0.03184632628105206
0.11754872295889787
0.05709221429336705
0.09570494864612512
0.04597225912905758
0.06374457554999022
0.07087421495118504
0.14130789064621785
0.04361569980733638
0.06550776210303465
0.13291322865080626
0.045445523542809445
0.05727477049827548
0.08285639755421266
0.09138516699606875
0.11772072344248015
0.017784914507347142
0.005689150423828373
0.08306920649837454
0.03462037447269632
0.07458857392980474
0.03208299742077201
0.07801364715806772
0.0
0.09294261739234526
0.1184955603249168
0.061261370124237956
0.0
0.22842360541636342
0.2053521377866364
0.11382147655650636
0.010846602497400786
0.06062899956783115
0.11356244079884478
0.007294244224283515
0.01662556123846589
0.2028876290903766
0.09825687188466886
0.06298262970736838
0.05482675865268577
0.06948453303106988
0.15985569573940595
0.05103033233353593
0.025604098680017465
0.05090706858422372
0.0080184069931704
0.11026621507188736
0.04397843172864505
0.059640637210270374
0.03570113161626822
0.08209461593079789
0.1106275681552157
0.052892337577130785
0.04597375508022804
0.06053564763632522
0.04515792405529484
0.06778660304636298
0.07149625453230254
0.1577208173970055
0.13344737509511037
0.061319046925320135
0.03951065575806285
0.09620672235231505
0.08071149556422617
0.13405730130452978
0.0665492899946949
0.05507474256275468
0.06941334685385936
0.041373714022823325
0.14648647754259644
0.023373738580097152
0.07861027850017273
0.0730307002365826
0.07002411199594526
0.011718748445587474
0.00822355683439945
0.06553240958060462
0.18943927355871143
0.02990813429767579
0.15745343498470088
0.06166851743015147
0.0749078184331286
0.04421145102328194
0.053370527316796465
0.09627377207403272
0.020091491944289955
0.10881966153863518
0.09819301463169719
0.023722400191350607
0.03264496806836527
0.01731692411777326
0.10940373563428221
0.08716408290711697
0.027903952815570163
0.05090770830580681
0.06580163862069405
0.02265340629549625
0.0
0.0
0.13112068135581592
0.027440451974703378
0.042857396743040885
0.04622938854806209
0.25324823434534327
0.015290990282840514
0.04328953520974494
0.03854718913881011
0.03755525276816763
0.07468214782838842
0.12619054450801856
0.05818533575645414
0.09169134517068975
0.16710798948993674
0.05556725742432578
0.057197588472746544
0.10341292735434478
0.031024835267974563
0.06144172084566812
0.02769522576264099
0.0457571728729923
0.04120033362707155
0.04232432668558995
0.08638361073735382
0.06857812343867857
0.033371730855220806
0.020979330335673268
0.06102283054163107
0.14557733675774884
0.06282754685530066
0.08292285237351046
0.11551536407584514
0.1305795286237931
0.012601222634667451
0.024192817988050414
0.10470965250725923
0.0070151347035280085
0.05697866902520962
0.06569387006002302
0.024261194337731835
0.012105107764983762
0.09390130994442257
0.07157167403221307
0.14872070645446275
0.009640970650144963
0.24567746408025146
0.03862072692324794
0.03662536741833475
0.1713551200082756
0.0027376209447922597
0.01868703875728671
0.06168036659108088
0.024592078533528863
0.033421154683613154
0.12116071354372909
0.07127633221766687
0.07360582987250797
0.11884786255894457
0.1071225413007242
0.0552987730884691
0.15932475637616894
0.048133055954882646
0.0890050912841924
0.05744517317240443
0.004568766838705489
0.02380923034258017
0.05710643420096069
0.06913348037962404
0.15323164110257112
0.03692365733362083
0.15255017986630018
0.16007985629400018
0.10556355448432218
0.06308502842896728
0.058245727671273236
0.10518712028752189
0.009955265558647966
0.05353733864222624
0.15714868165651727
0.004604003931508975
0.03366701944513095
0.05426707060853402
0.001988372442510038
0.024187580050723207
0.1844626561155849
0.06270014754607847
0.022687154260081232
0.03670841934948948
0.028391511522933073
0.11397948038400892
0.026366029441617023
0.0
0.12609944479609805
0.12791827562648575
0.02462652338370181
0.0902620995050697
0.07340798640671167
0.11459622542983829
0.06658890402384547
0.03849668068924825
0.03384758967140037
0.03979057478363005
0.059386167720449703
0.033024655235269075
0.03621386930686964
0.0026233305321610185
0.09758558046393669
0.24326059736360642
0.018847470465356692
0.08563051734674497
0.06735060965212765
0.10222819147386676
0.08186414850622203
0.22701626210905498
0.02125188792417743
0.032039012641048845
0.07025390529942352
0.004140840521743647
0.15241751172038237
0.004486316733961418
0.07510700070836689
0.17073478132882686
0.1489766284289907
0.10929443000590734
0.063814133248236
0.04711933668869228
0.093973047695641
0.11017199873233378
0.03662903987469833
0.08051862577689416
0.05765545460913062
0.26596886411860593
0.04948382932673994
0.058530584513108906
0.021234545232438073
0.10042574003216644
0.03204644803416763
0.07954085894837343
0.03566864780100074
0.018071532247249045
0.04157785665341087
0.07624732813198973
0.08599370250291047
0.1250002407780024
0.05949138945577138
0.06147669366931397
0.04644135639598434
0.2072213615324258
0.04758638771940459
0.09957389439737438
0.030922623799992572
0.1319910827429925
0.009084164293121425
0.05188940754608598
0.1320049686680849
0.10844529999664104
0.002485278696458821
0.08491913290280576
0.05427775612680714
0.2742011265840541
0.0468686904073373
0.02513746887296771
0.04445388820773844
0.08493891940213394
0.01647993498117876
0.09406031111037282
0.1226458878441091
0.05109660597268198
0.12058901734672109
0.0829606050165871
0.024848241393893057
0.032589011550498426
0.25325235691624604
0.09892550432422069
0.030918129031099865
0.16514644253843544
0.019383659441154666
0.04549351206243327
0.17384210739978678
0.12763700124561173
0.22588840213474115
0.005336053694299395
0.19389241341554084
0.016174132211640928
0.10227038788680726
0.18791873645739604
0.20409106934050247
0.1581516532560127
0.26916300683295746
0.14843884193232507
0.06455129609677812
0.024538629866616195
0.03212236849048138
0.07685708494318157
0.09857510504313353
0.029381260213497518
0.027334722900885684
0.07347215885593289
0.06078814874978366
0.07130147397510435
0.02124730240576185
0.04003326253253825
0.08200680805876003
0.010655276104858965
0.07780873869704096
0.07734502318454807
0.040789973341733635
0.09033172571478737
0.07215418698255335
0.02575838028480451
0.02972784112719499
0.18046616038420046
0.04364759023326928
0.03760886787074248
0.030324568583617144
0.028309655758086614
0.12374609804374709
0.035509667147142814
0.013622586619018131
0.10856426292850968
0.156258669063793
0.11364854643608274
0.4063874195235245
0.01627635668723057
0.028390337098939036
0.058863391216822256
0.08514919655165426
0.03871991072865088
0.0629545100671111
0.0511970083714056
0.07507459810443268
0.08664801956692583
0.25424054226404413
0.042812410978503294
0.003875318279750413
0.012501204620484152
0.034165221620857666
0.05919119031080273
0.08684932538133802
0.03596682215254031
0.030270760749083404
0.05462422562076939
0.137389257909718
0.054068821623112565
0.002165215819346571
0.07899586895663467
0.07674680711160912
0.0
0.016508733063119115
0.17342000896326057
0.07356731594029153
0.005149341978886005
0.10468887959579089
0.05558615111695578
0.03947984676471388
0.2835020110127549
0.035374553568204466
0.41055687580465045
0.03568256216970694
0.024517484302111717
0.055287073553194725
0.021657263056183193
0.0581742546246107
0.2571287520697732
0.007931572556905712
0.0696830313839607
0.14643358601349174
0.4371342562264878
0.11078289268390387
0.04926691958200696
0.048225202036230964
0.05953736779842439
0.020645256765572266
0.011024692458218304
0.09134834209767732
0.1320768790052868
0.021264663727899022
0.07212866880439285
0.02971150092591218
0.03114082719480534
0.019725418085311655
0.009116751003543457
0.050991223506347085
0.03191351391554994
0.10614578673503186
0.0559584742647714
0.02916040951250953
0.13966949329740025
0.155964664921967
0.02303718016748981
0.1350880600167224
0.008314360136113894
0.04659078653474768
0.10115480575041387
0.015595321305702783
0.05649532987385057
0.0900378639457447
0.02121069326271976
0.018302211221955335
0.003165934760788248
0.07759460786281165
0.03570620537275794
0.028659279017571218
0.053283707025595005
0.0314936599808347
0.13769595339955437
0.0518411311686599
0.09822274332512639
0.009036427170276227
0.0650400677291333
0.03577332684595507
0.14180883841079422
0.04776662731208186
0.03283112106083641
0.2334395310015493
0.07018126499715407
0.03253122647668973
0.04874189897965117
0.07744414073873276
0.011963293052931805
0.103946114849869
0.027450387979525447
0.07065920917225103
0.03205518920749824
0.06238867780548042
0.011751358106327017
0.04397837255893814
0.03635513513490331
0.10493765518904395
0.01850601819679392
0.06115441309600049
0.0515319322980438
0.0920612064603239
0.022684565891372247
0.0
0.05357914926730258
0.06383220447963954
0.008567942924124513
0.06905979332494956
0.11016262752978946
0.0758916596726662
0.028258105864737013
0.11890031153991794
0.018217346541227322
0.006303241188972556
0.12088391194667636
0.05365387962412036
0.01352106191118234
0.024318130531243584
0.1330732406739928
0.0197643772165335
0.10562245801396099
0.11406044543610816
0.0651467440768308
0.10620523734190365
0.009926498947966631
0.08851253947096423
0.12305843894737584
0.013842633027950541
0.033696253591917115
0.0799406900944171
0.06795711846894785
0.02438117729334107
0.10463785809314441
0.013021093063164124
0.01171818183669411
0.07866373732185983
0.08160450964897449
0.022712920823035523
0.013065479316585174
0.007642147357231512
0.014180732260239989
0.0361418828838501
0.05370983040072007
0.050241973595065284
0.0162556504575299
0.06773717167045613
0.010649258064797516
0.053282712385539534
0.02931489757571986
0.05778400599882028
0.09465369020398229
0.019523553041613743
0.03242976697397706
0.041147624205599954
0.044559973199490295
0.017861556079670975
0.007177082283002356
0.11479578624586312
0.007911889997512637
0.033635195036059266
0.022582217846450984
0.04500148655671895
0.023706550158887067
0.009404876727972104
0.043732663701917085
0.03314700673463497
0.0657230880565568
0.06938643755135081
0.06778490970647369
0.04593397618802916
0.2273785993942245
0.002295358308385252
0.023645915849049133
0.018645882430076963
0.06385609202168137
0.03283127871060166
0.12463282776094411
0.04683297329653483
0.043733205606151355
0.013524405055234253
0.02829282247528422
0.0711350417311405
0.03647519252817279
0.10343000869630949
0.04755857704026088
0.024249952123501513
0.006193589357459232
0.08197787149987021
0.03406556912883202
0.05164681254439965
0.09584156746922746
0.06443005724165665
0.11604849469834581
0.0260028614869055
0.11562198180835917
0.015976285066268893
0.017594002424332872
0.03699751283988388
0.10395743057511204
0.01942861611486074
0.014366570468969844
0.05174358199191836
0.04474337839886652
0.03433099930789505
0.013269768737433503
0.05862699545183312
0.07489783132331337
0.034863403202982035
0.05351260824538791
0.0
0.014305498806738013
0.02151362948523192
0.017446462255438232
0.010063035260632066
0.03211903625003316
0.09011332584683764
0.037533032684837535
0.026769246108913805
0.369287949274769
0.0513650945360323
0.04465345557139726
0.024905773859565637
0.13669228575740724
0.00965285778174358
0.04230318012502079
0.04889593739703568
0.06365715185947526
0.02986039567416838
0.022858529105675394
0.08652295832956228
0.04035560357287189
0.005208343115067627
0.00953270178574789
0.059086470684201746
0.09003719191267921
0.00396618553106546
0.043161039079779195
0.0
0.049128322921548305
0.08555079239209212
0.11143547186859057
0.05789636300180182
0.05836794013185182
0.006044920757219639
0.12121075451441687
0.0056010489752948665
0.10152449904369835
0.02184020492385037
0.052818407568905115
0.00984479531280166
0.06832110776168443
0.008535982466992886
0.012527679965586364
0.13945520092710886
0.026563668582604633
0.07964547942739092
0.04223968277166116
0.008641153384428318
0.021419683117311784
0.058565298202104835
0.07752619327482402
0.016649413619696993
0.11112914005228622
0.0653083485063095
0.03145817694109707
0.04616287411912165
0.05171561292185843
0.13604857415544377
0.03157043909028408
0.04562670118110547
0.07485351191282505
0.04039040513654929
0.03373537280064613
0.07522254903061068
0.5347348693219446
0.09602904037858741
0.07919025611140693
0.0221451598500523
0.030711840025932968
0.028942664813304767
0.1309837441229871
0.013946685597438087
0.020521590784772226
0.03179147814272801
0.021701166132152682
0.017664592417471394
0.011698963561393723
0.01721439067257529
0.013242396612842251
0.07336528349792798
0.027731921324427502
0.13439066596255805
0.041720226587611084
0.08572068636646307
0.060749303872738025
0.0840880198555368
0.014519778287112648
0.03355426017841069
0.027222200242769296
0.026503141288946912
0.08468732279335266
0.08400067447638761
0.025448844554301533
0.03433507287108377
0.001378195988974432
0.08325206309516285
0.007366278598870146
0.0433331328304602
0.0019474314179221894
0.022081958350142063
0.012776836001863677
0.03454723249251577
0.022771336764798776
0.007114991898362528
0.1245616823318561
0.01837499487859414
0.06788335573737968
0.06194520993225426
0.04992672710462318
0.03344284531216532
0.045723153512658495
0.02977842568760042
0.03185156247920209
0.07324015102948718
0.02111659672025772
0.03685854666142045
0.043379564583551786
0.02483433221145784
0.08373873409689307
0.04961462752049988
0.016749435769177687
0.014083843026305312
0.12918074164914317
0.11501147051054261
0.008321582626189887
0.14627510089695522
0.03815415350379096
0.07586686091712519
0.037406029344310296
0.013464413722478238
0.11634258188219047
0.009264406692149502
0.021098249736366356
0.12731616320272063
0.07447947575763324
0.03536393885346765
0.07584661064144364
0.1181427495102312
0.15375472643812224
0.09232674404713705
0.04775693873261813
0.1300905852355237
0.06442383091924993
0.018669275391027428
0.014905920576755749
0.09923147159542318
0.08397688526938717
0.019578732735837868
0.07608131334319303
0.019753091758921214
0.01751111756797771
0.01883661558800233
0.0
0.029854380724242863
0.06365905731120043
0.06440098401330559
0.022417375736339406
0.06059609626074048
0.013378341644380143
0.12235012284571818
0.09727301604205452
0.03846053370216649
0.04753679738211973
0.027018076044451153
0.1127187028291889
0.17126711907956602
0.2583010001066166
0.0
0.026621511734437855
0.06322602593276704
0.03251531722721158
0.0727222634451087
0.02730944485824778
0.0631579570284034
0.05208791769656901
0.027699484231217257
0.13822375254807295
0.11598574162194278
0.08168691939660133
0.05161613645369543
0.06720222923177792
0.061864928645767044
0.06122959110283921
0.003813210636900831
0.03967530276156823
0.21277834848247365
0.03790944985738709
0.022242052541116015
0.06136272028814729
0.10198751530863566
0.1081118323146153
0.012541428638080679
0.06291781706568499
0.04304488378443356
0.03584659367205478
0.0807819215607394
0.12415097418265339
0.035851374349682004
0.036345726103598486
0.016765529187539915
0.010500307615280266
0.07538455020027361
0.045077751725845834
0.029765252239666785
0.0012966039128829827
0.02203973377609031
0.005235946780561368
0.02084505676842293
0.22610626712652473
0.0
0.02586169819952396
0.027290790403660465
0.01870562670161195
0.09620404064476691
0.229173358116094
0.04255313671225611
0.07840728400040142
0.01694381338338338
0.016782594826364284
0.14086386761867073
0.061986900970255984
0.01494483045673747
0.009276845653111031
0.002447654238047251
0.027934070573246914
0.006495462720165219
0.010831245853360668
0.005372742782828852
0.04986840338280881
0.013058898772861854
0.010547909353922335
0.05334733538877428
0.0
0.016368473084287384
0.027102614431806976
0.016516368179136494
0.03356996692968906
0.009520024143284097
0.060342201801039615
0.03852653814705857
0.0968915379258396
0.003911004269179701
0.013264880242628684
0.03838565618576912
0.0027522935779816515
0.010055681128351323
0.3123479683123143
0.015864135968533276
0.006583222338555799
0.09809397189535736
0.028318898660601246
0.024051012455575286
0.011916528963647383
0.009933006273440015
0.08120735969349453
0.03935923865545385
0.041060674748159956
0.01401925484755511
0.07849352439270293
0.019966618247536455
0.09486242389736449
0.018446285283577134
0.028443584959420717
0.02943625997895881
0.00791053500100167
0.030187205431451678
0.03628507220229284
0.024271963601330434
0.04006627625638297
0.3839258005714131
0.026930008366964447
0.03083439144952308
0.04126728054529968
0.016654519944496828
0.030904918747052822
0.10816776202017896
0.0069685726678788305
0.021147983592745053
0.06064360678427077
0.018516732992987183
0.01301648211080397
0.06956291121650611
0.01341387928330456
0.05582700932422869
0.022426664033520165
0.03848063158908114
0.037297065861322885
0.05413843005402243
0.028503993734724013
0.13464231614099545
0.02747378430212205
0.030788861362241845
0.02598167181169339
0.04655746472985962
0.07253160776739082
0.043401042110863576
0.019096973605657895
0.0855620187274274
0.22531919051807078
0.031232243052798068
0.022762828701950417
0.10521760192113139
0.04069312296311718
0.016470864741473985
0.06967179219477751
0.012961804603767087
0.06876218851646362
0.026376476468436345
0.019820274457550295
0.033440534899022926
0.030327975750804887
0.04844376202966888
0.03639582148720966
0.05372438539937831
0.17981482152699238
0.02058719958864074
0.03210680971875002
0.03642177396452982
0.04697077130486043
0.03762817159968055
0.069406387888931
0.04220984646157569
0.022116068157196946
0.3102222629578806
0.08542856708122912
0.06803662764615008
0.044513490983742264
0.02943078641896639
0.12221394846449354
0.07985492933327153
0.04071311607063493
0.10582057201726772
0.06200587110353549
0.07131828796233945
0.06635137251473278
0.0008960573476702509
0.02193672601686184
0.04244883597939941
0.04269262532996195
0.05031787915988176
0.08659928933026607
0.011576777917744203
0.03369099536187424
0.04723949854477276
0.2205143781771183
0.04166630381842763
0.014805362891761613
0.05344795251215468
0.05466924781348846
0.05196115358309328
0.07984336515835452
0.021647496311121568
0.09001443488308727
0.057407525378539874
0.02204723533769601
0.048353413918284405
0.04461769846106508
0.01764398055169572
0.07571212012480896
0.13736649768637205
0.05893584649993248
0.002945547997325514
0.006996359979419346
0.11246739429410248
0.03393528353029169
0.05836285314834769
0.0511103478603069
0.07768251970387131
0.132036713122476
0.01831639276195728
0.1290879761722011
0.02980658424592261
0.032518437285833
0.056005432712208744
0.039980376346729414
0.047917109355782604
0.08135801671379157
0.033128809438241195
0.02127391945640272
0.0744726271427442
0.03442256476696152
0.06526768539086109
0.02378218282834667
0.02441469039402088
0.04017223346583835
0.07494832293779188
0.06769850837724925
0.0743989694697244
0.03636876263932563
0.07564144441431014
0.03391240608032931
0.04184569853888012
0.0807223979801097
0.046428230317821985
0.043522146409275916
0.04373440459938721
0.02485604411460595
0.06338898121152743
0.04867696574275522
0.07304110536307275
0.03990653790366471
0.05593070206868854
0.019411022482669536
0.06268802584918516
0.035524532959946065
0.04842990467917269
0.020844953542673687
0.13164252568858817
0.05495100696276479
0.11149714575919394
0.05168759406043649
0.06046390450173345
0.07421755059894426
0.033763874908160206
0.11447955290038198
0.05788736667074805
0.04476932158225656
0.03430481366451129
0.00741502280102869
0.03491298703938261
0.03787203109443674
0.013199891007850791
0.036077808296425734
0.03670798335715094
0.0490891638971506
0.055408154118335856
0.14198991682675088
0.021458438251799546
0.0640558747349662
0.01723882095860948
0.0646430560874709
0.03276870980904286
0.04213947413442953
0.04388926456293874
0.05637922506801732
0.17042704001917447
0.030806681891962635
0.046725858839173524
0.1903843632782505
0.053930146561161824
0.08122373204036513
0.07266740531332398
0.0775368597940775
0.03262450553600698
0.0145664945862747
0.040144990754180085
0.040543925020324285
0.13624979972716036
0.05732759615569252
0.0939303294991634
0.11680545644403251
0.07916496723507489
0.06662503613481793
0.14817567648538546
0.10136028798280454
0.09323591389308399
0.1178611243828635
0.028817247397715143
0.2725641025641025
0.11054117371837725
0.050120048486792364
0.056814109171811365
0.04276649547699592
0.020826822808275695
0.06135123570110237
0.026112005141519724
0.04595747257690578
0.09957815804331072
0.05421443759544446
0.08768772818619147
0.23186540105481712
0.0042182872795886285
0.04901182164332643
0.08761325604633616
0.043162327085417715
0.03587338271004517
0.03863255376665339
0.26735054110830514
0.07738753416390556
0.09413120259699087
0.04706268969721912
0.021425056863089792
0.02020493905366076
0.06286942865258523
0.04240277750437278
0.09161690682052218
0.02244390739025494
0.06324232416833285
0.03586597072026568
0.09301251007488535
0.06923772793409921
0.0032731923035592713
0.09964885925103491
0.08884245256232662
0.08613808478109507
0.01676534859956594
0.5838760518354027
0.06937223641558642
0.044620420695130905
0.08100185410159177
0.01767553032400232
0.044746111978015805
0.017741165070535317
0.03046691576373865
0.0566929379012331
0.10692008226225327
0.03459793579881893
0.05043069594741265
0.16612623598269532
0.1630860095976375
0.10032679738562092
0.057939358848820045
0.0515485104404842
0.009057075220372607
0.12488788221049077
0.028846722676729303
0.04330867345049153
0.015950227497361504
0.0664828952542796
0.07244756613333055
0.032163882636854324
0.21647625094100464
0.245497127095654
0.07469927541708977
0.042415126252877904
0.03184632628105206
0.11754872295889787
0.05709221429336705
0.09570494864612512
0.04597225912905758
0.06374457554999022
0.07087421495118504
0.14130789064621785
0.04361569980733638
0.06550776210303465
0.13291322865080626
0.045445523542809445
0.05727477049827548
0.08285639755421266
0.09138516699606875
0.11772072344248015
0.017784914507347142
0.005689150423828373
0.08306920649837454
0.03462037447269632
0.07458857392980474
0.03208299742077201
0.07801364715806772
0.0
0.09294261739234526
0.1184955603249168
0.061261370124237956
0.0
0.22842360541636342
0.2053521377866364
0.11382147655650636
0.010846602497400786
0.06062899956783115
0.11356244079884478
0.007294244224283515
0.01662556123846589
0.2028876290903766
0.09825687188466886
0.06298262970736838
0.05482675865268577
0.06948453303106988
0.15985569573940595
0.05103033233353593
0.025604098680017465
0.05090706858422372
0.0080184069931704
0.11026621507188736
0.04397843172864505
0.059640637210270374
0.03570113161626822
0.08209461593079789
0.1106275681552157
0.052892337577130785
0.04597375508022804
0.06053564763632522
0.04515792405529484
0.06778660304636298
0.07149625453230254
0.1577208173970055
0.13344737509511037
0.061319046925320135
0.03951065575806285
0.09620672235231505
0.08071149556422617
0.13405730130452978
0.0665492899946949
0.05507474256275468
0.06941334685385936
0.041373714022823325
0.14648647754259644
0.023373738580097152
0.07861027850017273
0.0730307002365826
0.07002411199594526
0.011718748445587474
0.00822355683439945
0.06553240958060462
0.18943927355871143
0.02990813429767579
0.15745343498470088
0.06166851743015147
0.0749078184331286
0.04421145102328194
0.053370527316796465
0.09627377207403272
0.020091491944289955
0.10881966153863518
0.09819301463169719
0.023722400191350607
0.03264496806836527
0.01731692411777326
0.10940373563428221
0.08716408290711697
0.027903952815570163
0.05090770830580681
0.06580163862069405
0.02265340629549625
0.0
0.0
0.13112068135581592
0.027440451974703378
0.042857396743040885
0.04622938854806209
0.25324823434534327
0.015290990282840514
0.04328953520974494
0.03854718913881011
0.03755525276816763
0.07468214782838842
0.12619054450801856
0.05818533575645414
0.09169134517068975
0.16710798948993674
0.05556725742432578
0.057197588472746544
0.10341292735434478
0.031024835267974563
0.06144172084566812
0.02769522576264099
0.0457571728729923
0.04120033362707155
0.04232432668558995
0.08638361073735382
0.06857812343867857
0.033371730855220806
0.020979330335673268
0.06102283054163107
0.14557733675774884
0.06282754685530066
0.08292285237351046
0.11551536407584514
0.1305795286237931
0.012601222634667451
0.024192817988050414
0.10470965250725923
0.0070151347035280085
0.05697866902520962
0.06569387006002302
0.024261194337731835
0.012105107764983762
0.09390130994442257
0.07157167403221307
0.14872070645446275
0.009640970650144963
0.24567746408025146
0.03862072692324794
0.03662536741833475
0.1713551200082756
0.0027376209447922597
0.01868703875728671
0.06168036659108088
0.024592078533528863
0.033421154683613154
0.12116071354372909
0.07127633221766687
0.07360582987250797
0.11884786255894457
0.1071225413007242
0.0552987730884691
0.15932475637616894
0.048133055954882646
0.0890050912841924
0.05744517317240443
0.004568766838705489
0.02380923034258017
0.05710643420096069
0.06913348037962404
0.15323164110257112
0.03692365733362083
0.15255017986630018
0.16007985629400018
0.10556355448432218
0.06308502842896728
0.058245727671273236
0.10518712028752189
0.009955265558647966
0.05353733864222624
0.15714868165651727
0.004604003931508975
0.03366701944513095
0.05426707060853402
0.001988372442510038
0.024187580050723207
0.1844626561155849
0.06270014754607847
0.022687154260081232
0.03670841934948948
0.028391511522933073
0.11397948038400892
0.026366029441617023
0.0
0.12609944479609805
0.12791827562648575
0.02462652338370181
0.0902620995050697
0.07340798640671167
0.11459622542983829
0.06658890402384547
0.03849668068924825
0.03384758967140037
0.03979057478363005
0.059386167720449703
0.033024655235269075
0.03621386930686964
0.0026233305321610185
0.09758558046393669
0.24326059736360642
0.018847470465356692
0.08563051734674497
0.06735060965212765
0.10222819147386676
0.08186414850622203
0.22701626210905498
0.02125188792417743
0.032039012641048845
0.07025390529942352
0.004140840521743647
0.15241751172038237
0.004486316733961418
0.07510700070836689
0.17073478132882686
0.1489766284289907
0.10929443000590734
0.063814133248236
0.04711933668869228
0.093973047695641
0.11017199873233378
0.03662903987469833
0.08051862577689416
0.05765545460913062
0.26596886411860593
0.04948382932673994
0.058530584513108906
0.021234545232438073
0.10042574003216644
0.03204644803416763
0.07954085894837343
0.03566864780100074
0.018071532247249045
0.04157785665341087
0.07624732813198973
0.08599370250291047
0.1250002407780024
0.05949138945577138
0.06147669366931397
0.04644135639598434
0.2072213615324258
0.04758638771940459
0.09957389439737438
0.030922623799992572
0.1319910827429925
0.009084164293121425
0.05188940754608598
0.1320049686680849
0.10844529999664104
0.002485278696458821
0.08491913290280576
0.05427775612680714
0.2742011265840541
0.0468686904073373
0.02513746887296771
0.04445388820773844
0.08493891940213394
0.01647993498117876
0.09406031111037282
0.1226458878441091
0.05109660597268198
0.12058901734672109
0.0829606050165871
0.024848241393893057
0.032589011550498426
0.25325235691624604
0.09892550432422069
0.030918129031099865
0.16514644253843544
0.019383659441154666
0.04549351206243327
0.17384210739978678
0.12763700124561173
0.22588840213474115
0.005336053694299395
0.19389241341554084
0.016174132211640928
0.10227038788680726
0.18791873645739604
0.20409106934050247
0.1581516532560127
0.26916300683295746
0.14843884193232507
0.06455129609677812
0.024538629866616195
0.03212236849048138
0.07685708494318157
0.09857510504313353
0.029381260213497518
0.027334722900885684
0.07347215885593289
0.06078814874978366
0.07130147397510435
0.02124730240576185
0.04003326253253825
0.08200680805876003
0.010655276104858965
0.07780873869704096
0.07734502318454807
0.040789973341733635
0.09033172571478737
0.07215418698255335
0.02575838028480451
0.02972784112719499
0.18046616038420046
0.04364759023326928
0.03760886787074248
0.030324568583617144
0.028309655758086614
0.12374609804374709
0.035509667147142814
0.013622586619018131
0.10856426292850968
0.156258669063793
0.11364854643608274
0.4063874195235245
0.01627635668723057
0.028390337098939036
0.058863391216822256
0.08514919655165426
0.03871991072865088
0.0629545100671111
0.0511970083714056
0.07507459810443268
0.08664801956692583
0.25424054226404413
0.042812410978503294
0.003875318279750413
0.012501204620484152
0.034165221620857666
0.05919119031080273
0.08684932538133802
0.03596682215254031
0.030270760749083404
0.05462422562076939
0.137389257909718
0.054068821623112565
0.002165215819346571
0.07899586895663467
0.07674680711160912
0.0
0.016508733063119115
0.17342000896326057
0.07356731594029153
0.005149341978886005
0.10468887959579089
0.05558615111695578
0.03947984676471388
0.2835020110127549
0.035374553568204466
0.41055687580465045
0.03568256216970694
0.024517484302111717
0.055287073553194725
0.021657263056183193
0.0581742546246107
0.2571287520697732
0.007931572556905712
0.0696830313839607
0.14643358601349174
0.4371342562264878
0.11078289268390387
0.04926691958200696
0.048225202036230964
0.05953736779842439
0.020645256765572266
0.011024692458218304
0.09134834209767732
0.1320768790052868
0.021264663727899022
0.07212866880439285
0.02971150092591218
0.03114082719480534
0.019725418085311655
0.009116751003543457
0.050991223506347085
0.03191351391554994
0.10614578673503186
0.0559584742647714
0.02916040951250953
0.13966949329740025
0.155964664921967
0.02303718016748981
0.1350880600167224
0.008314360136113894
0.04659078653474768
0.10115480575041387
0.015595321305702783
0.05649532987385057
0.0900378639457447
0.02121069326271976
0.018302211221955335
0.003165934760788248
0.07759460786281165
0.03570620537275794
0.028659279017571218
0.053283707025595005
0.0314936599808347
0.13769595339955437
0.0518411311686599
0.09822274332512639
0.009036427170276227
0.0650400677291333
0.03577332684595507
0.14180883841079422
0.04776662731208186
0.03283112106083641
0.2334395310015493
0.07018126499715407
0.03253122647668973
0.04874189897965117
0.07744414073873276
0.011963293052931805
0.103946114849869
0.027450387979525447
0.07065920917225103
0.03205518920749824
0.06238867780548042
0.011751358106327017
0.04397837255893814
0.03635513513490331
0.10493765518904395
0.01850601819679392
0.06115441309600049
0.0515319322980438
0.0920612064603239
0.022684565891372247
0.0
0.05357914926730258
0.06383220447963954
0.008567942924124513
0.06905979332494956
0.11016262752978946
0.0758916596726662
0.028258105864737013
0.11890031153991794
0.018217346541227322
0.006303241188972556
0.12088391194667636
0.05365387962412036
0.01352106191118234
0.024318130531243584
0.1330732406739928
0.0197643772165335
0.10562245801396099
0.11406044543610816
0.0651467440768308
0.10620523734190365
0.009926498947966631
0.08851253947096423
0.12305843894737584
0.013842633027950541
0.033696253591917115
0.0799406900944171
0.06795711846894785
0.02438117729334107
0.10463785809314441
0.013021093063164124
0.01171818183669411
0.07866373732185983
0.08160450964897449
0.022712920823035523
0.013065479316585174
0.007642147357231512
0.014180732260239989
0.0361418828838501
0.05370983040072007
0.050241973595065284
0.0162556504575299
0.06773717167045613
0.010649258064797516
0.053282712385539534
0.02931489757571986
0.05778400599882028
0.09465369020398229
0.019523553041613743
0.03242976697397706
0.041147624205599954
0.044559973199490295
0.017861556079670975
0.007177082283002356
0.11479578624586312
0.007911889997512637
0.033635195036059266
0.022582217846450984
0.04500148655671895
0.023706550158887067
0.009404876727972104
0.043732663701917085
0.03314700673463497
0.0657230880565568
0.06938643755135081
0.06778490970647369
0.04593397618802916
0.2273785993942245
0.002295358308385252
0.023645915849049133
0.018645882430076963
0.06385609202168137
0.03283127871060166
0.12463282776094411
0.04683297329653483
0.043733205606151355
0.013524405055234253
0.02829282247528422
0.0711350417311405
0.03647519252817279
0.10343000869630949
0.04755857704026088
0.024249952123501513
0.006193589357459232
0.08197787149987021
0.03406556912883202
0.05164681254439965
0.09584156746922746
0.06443005724165665
0.11604849469834581
0.0260028614869055
0.11562198180835917
0.015976285066268893
0.017594002424332872
0.03699751283988388
0.10395743057511204
0.01942861611486074
0.014366570468969844
0.05174358199191836
0.04474337839886652
0.03433099930789505
0.013269768737433503
0.05862699545183312
0.07489783132331337
0.034863403202982035
0.05351260824538791
0.0
0.014305498806738013
0.02151362948523192
0.017446462255438232
0.010063035260632066
0.03211903625003316
0.09011332584683764
0.037533032684837535
0.026769246108913805
0.369287949274769
0.0513650945360323
0.04465345557139726
0.024905773859565637
0.13669228575740724
0.00965285778174358
0.04230318012502079
0.04889593739703568
0.06365715185947526
0.02986039567416838
0.022858529105675394
0.08652295832956228
0.04035560357287189
0.005208343115067627
0.00953270178574789
0.059086470684201746
0.09003719191267921
0.00396618553106546
0.043161039079779195
0.0
0.049128322921548305
0.08555079239209212
0.11143547186859057
0.05789636300180182
0.05836794013185182
0.006044920757219639
0.12121075451441687
0.0056010489752948665
0.10152449904369835
0.02184020492385037
0.052818407568905115
0.00984479531280166
0.06832110776168443
0.008535982466992886
0.012527679965586364
0.13945520092710886
0.026563668582604633
0.07964547942739092
0.04223968277166116
0.008641153384428318
0.021419683117311784
0.058565298202104835
0.07752619327482402
0.016649413619696993
0.11112914005228622
0.0653083485063095
0.03145817694109707
0.04616287411912165
0.05171561292185843
0.13604857415544377
0.03157043909028408
0.04562670118110547
0.07485351191282505
0.04039040513654929
0.03373537280064613
0.07522254903061068
0.5347348693219446
0.09602904037858741
0.07919025611140693
0.0221451598500523
0.030711840025932968
0.028942664813304767
0.1309837441229871
0.013946685597438087
0.020521590784772226
0.03179147814272801
0.021701166132152682
0.017664592417471394
0.011698963561393723
0.01721439067257529
0.013242396612842251
0.07336528349792798
0.027731921324427502
0.13439066596255805
0.041720226587611084
0.08572068636646307
0.060749303872738025
0.0840880198555368
0.014519778287112648
0.03355426017841069
0.027222200242769296
0.026503141288946912
0.08468732279335266
0.08400067447638761
0.025448844554301533
0.03433507287108377
0.001378195988974432
0.08325206309516285
0.007366278598870146
0.0433331328304602
0.0019474314179221894
0.022081958350142063
0.012776836001863677
0.03454723249251577
0.022771336764798776
0.007114991898362528
0.1245616823318561
0.01837499487859414
0.06788335573737968
0.06194520993225426
0.04992672710462318
0.03344284531216532
0.045723153512658495
0.02977842568760042
0.03185156247920209
0.07324015102948718
0.02111659672025772
0.03685854666142045
0.043379564583551786
0.02483433221145784
0.08373873409689307
0.04961462752049988
0.016749435769177687
0.014083843026305312
0.12918074164914317
0.11501147051054261
0.008321582626189887
0.14627510089695522
0.03815415350379096
0.07586686091712519
0.037406029344310296
0.013464413722478238
0.11634258188219047
0.009264406692149502
0.021098249736366356
0.12731616320272063
0.07447947575763324
0.03536393885346765
0.07584661064144364
0.1181427495102312
0.15375472643812224
0.09232674404713705
0.04775693873261813
0.1300905852355237
0.06442383091924993
0.018669275391027428
0.014905920576755749
0.09923147159542318
0.08397688526938717
0.019578732735837868
0.07608131334319303
0.019753091758921214
0.01751111756797771
0.01883661558800233
0.0
0.029854380724242863
0.06365905731120043
0.06440098401330559
0.022417375736339406
0.06059609626074048
0.013378341644380143
0.12235012284571818
0.09727301604205452
0.03846053370216649
0.04753679738211973
0.027018076044451153
0.1127187028291889
0.17126711907956602
0.2583010001066166
0.0
0.026621511734437855
0.06322602593276704
0.03251531722721158
0.0727222634451087
0.02730944485824778
0.0631579570284034
0.05208791769656901
0.027699484231217257
0.13822375254807295
0.11598574162194278
0.08168691939660133
0.05161613645369543
0.06720222923177792
0.061864928645767044
0.06122959110283921
0.003813210636900831
0.03967530276156823
0.21277834848247365
0.03790944985738709
0.022242052541116015
0.06136272028814729
0.10198751530863566
0.1081118323146153
0.012541428638080679
0.06291781706568499
0.04304488378443356
0.03584659367205478
0.0807819215607394
0.12415097418265339
0.035851374349682004
0.036345726103598486
0.016765529187539915
0.010500307615280266
0.07538455020027361
0.045077751725845834
0.029765252239666785
0.0012966039128829827
0.02203973377609031
0.005235946780561368
0.02084505676842293
0.22610626712652473
0.0
0.02586169819952396
0.027290790403660465
0.01870562670161195
0.09620404064476691
0.229173358116094
0.04255313671225611
0.07840728400040142
0.01694381338338338
0.016782594826364284
0.14086386761867073
0.061986900970255984
0.01494483045673747
0.009276845653111031
0.002447654238047251
0.027934070573246914
0.006495462720165219
0.010831245853360668
0.005372742782828852
0.04986840338280881
0.013058898772861854
0.010547909353922335
0.05334733538877428
0.0
0.016368473084287384
0.027102614431806976
0.016516368179136494
0.03356996692968906
0.009520024143284097
0.060342201801039615
0.03852653814705857
0.0968915379258396
0.003911004269179701
0.013264880242628684
0.03838565618576912
0.0027522935779816515
0.010055681128351323
0.3123479683123143
0.015864135968533276
0.006583222338555799
0.09809397189535736
0.028318898660601246
0.024051012455575286
0.011916528963647383
0.009933006273440015
0.08120735969349453
0.03935923865545385
0.041060674748159956
0.01401925484755511
0.07849352439270293
0.019966618247536455
0.09486242389736449
0.018446285283577134
0.028443584959420717
0.02943625997895881
0.00791053500100167
0.030187205431451678
0.03628507220229284
0.024271963601330434
0.04006627625638297
0.3839258005714131
0.026930008366964447
0.03083439144952308
0.04126728054529968
0.016654519944496828
0.030904918747052822
0.10816776202017896
0.0069685726678788305
0.021147983592745053
0.06064360678427077
0.018516732992987183
0.01301648211080397
0.06956291121650611
0.01341387928330456
0.05582700932422869
0.022426664033520165
0.03848063158908114
0.037297065861322885
0.05413843005402243
0.028503993734724013
0.13464231614099545
0.02747378430212205
0.030788861362241845
0.02598167181169339
0.04655746472985962
0.07253160776739082
0.043401042110863576
0.019096973605657895
0.0855620187274274
0.22531919051807078
0.031232243052798068
0.022762828701950417
0.10521760192113139
0.04069312296311718
0.016470864741473985
0.06967179219477751
0.012961804603767087
0.06876218851646362
0.026376476468436345
0.019820274457550295
0.033440534899022926
0.030327975750804887
0.04844376202966888
0.03639582148720966
0.05372438539937831
0.17981482152699238
0.02058719958864074
0.03210680971875002
0.03642177396452982
0.04697077130486043
0.03762817159968055
0.069406387888931
0.04220984646157569
0.022116068157196946
0.3102222629578806
0.08542856708122912
0.06803662764615008
0.044513490983742264
0.02943078641896639
0.12221394846449354
0.07985492933327153
0.04071311607063493
0.10582057201726772
0.06200587110353549
0.07131828796233945
0.06635137251473278
0.0008960573476702509
0.02193672601686184
0.04244883597939941
0.04269262532996195
0.05031787915988176
0.08659928933026607
0.011576777917744203
0.03369099536187424
0.04723949854477276
0.2205143781771183
0.04166630381842763
0.014805362891761613
0.05344795251215468
0.05466924781348846
0.05196115358309328
0.07984336515835452
0.021647496311121568
0.09001443488308727
0.057407525378539874
0.02204723533769601
0.048353413918284405
0.04461769846106508
0.01764398055169572
0.07571212012480896
0.13736649768637205
0.05893584649993248
0.002945547997325514
0.006996359979419346
0.11246739429410248
0.03393528353029169
0.05836285314834769
0.0511103478603069
0.07768251970387131
0.132036713122476
0.01831639276195728
0.1290879761722011
0.02980658424592261
0.032518437285833
0.056005432712208744
0.039980376346729414
0.047917109355782604
0.08135801671379157
0.033128809438241195
0.02127391945640272
0.0744726271427442
0.03442256476696152
0.06526768539086109
0.02378218282834667
0.02441469039402088
0.04017223346583835
0.07494832293779188
0.06769850837724925
0.0743989694697244
0.03636876263932563
0.07564144441431014
0.03391240608032931
0.04184569853888012
0.0807223979801097
0.046428230317821985
0.043522146409275916
0.04373440459938721
0.02485604411460595
0.06338898121152743
0.04867696574275522
0.07304110536307275
0.03990653790366471
0.05593070206868854
0.019411022482669536
0.06268802584918516
0.035524532959946065
0.04842990467917269
0.020844953542673687
0.13164252568858817
0.05495100696276479
0.11149714575919394
0.05168759406043649
0.06046390450173345
0.07421755059894426
0.033763874908160206
0.11447955290038198
0.05788736667074805
0.04476932158225656
0.03430481366451129
0.00741502280102869
0.03491298703938261
0.03787203109443674
0.013199891007850791
0.036077808296425734
0.03670798335715094
0.0490891638971506
0.055408154118335856
0.14198991682675088
0.021458438251799546
0.0640558747349662
0.01723882095860948
0.0646430560874709
0.03276870980904286
0.04213947413442953
0.04388926456293874
0.05637922506801732
0.17042704001917447
0.030806681891962635
0.046725858839173524
0.1903843632782505
0.053930146561161824
0.08122373204036513
0.07266740531332398
0.0775368597940775
0.03262450553600698
0.0145664945862747
0.040144990754180085
0.040543925020324285
0.13624979972716036
0.05732759615569252
0.0939303294991634
0.11680545644403251
0.07916496723507489
0.06662503613481793
0.14817567648538546
0.10136028798280454
0.09323591389308399
0.1178611243828635
0.028817247397715143
0.2725641025641025
0.11054117371837725
0.050120048486792364
0.056814109171811365
0.04276649547699592
0.020826822808275695
0.06135123570110237
0.026112005141519724
0.04595747257690578
0.09957815804331072
0.05421443759544446
0.08768772818619147
0.23186540105481712
0.0042182872795886285
0.04901182164332643
0.08761325604633616
0.043162327085417715
0.03587338271004517
0.03863255376665339
0.26735054110830514
0.07738753416390556
0.09413120259699087
0.04706268969721912
0.021425056863089792
0.02020493905366076
0.06286942865258523
0.04240277750437278
0.09161690682052218
0.02244390739025494
0.06324232416833285
0.03586597072026568
0.09301251007488535
0.06923772793409921
0.0032731923035592713
0.09964885925103491
0.08884245256232662
0.08613808478109507
0.01676534859956594
0.5838760518354027
0.06937223641558642
0.044620420695130905
0.08100185410159177
0.01767553032400232
0.044746111978015805
0.017741165070535317
0.03046691576373865
0.0566929379012331
0.10692008226225327
0.03459793579881893
0.05043069594741265
0.16612623598269532
0.1630860095976375
0.10032679738562092
0.057939358848820045
0.0515485104404842
0.009057075220372607
0.12488788221049077
0.028846722676729303
0.04330867345049153
0.015950227497361504
0.0664828952542796
0.07244756613333055
0.032163882636854324
0.21647625094100464
0.245497127095654
0.07469927541708977
0.042415126252877904
0.03184632628105206
0.11754872295889787
0.05709221429336705
0.09570494864612512
0.04597225912905758
0.06374457554999022
0.07087421495118504
0.14130789064621785
0.04361569980733638
0.06550776210303465
0.13291322865080626
0.045445523542809445
0.05727477049827548
0.08285639755421266
0.09138516699606875
0.11772072344248015
0.017784914507347142
0.005689150423828373
0.08306920649837454
0.03462037447269632
0.07458857392980474
0.03208299742077201
0.07801364715806772
0.0
0.09294261739234526
0.1184955603249168
0.061261370124237956
0.0
0.22842360541636342
0.2053521377866364
0.11382147655650636
0.010846602497400786
0.06062899956783115
0.11356244079884478
0.007294244224283515
0.01662556123846589
0.2028876290903766
0.09825687188466886
0.06298262970736838
0.05482675865268577
0.06948453303106988
0.15985569573940595
0.05103033233353593
0.025604098680017465
0.05090706858422372
0.0080184069931704
0.11026621507188736
0.04397843172864505
0.059640637210270374
0.03570113161626822
0.08209461593079789
0.1106275681552157
0.052892337577130785
0.04597375508022804
0.06053564763632522
0.04515792405529484
0.06778660304636298
0.07149625453230254
0.1577208173970055
0.13344737509511037
0.061319046925320135
0.03951065575806285
0.09620672235231505
0.08071149556422617
0.13405730130452978
0.0665492899946949
0.05507474256275468
0.06941334685385936
0.041373714022823325
0.14648647754259644
0.023373738580097152
0.07861027850017273
0.0730307002365826
0.07002411199594526
0.011718748445587474
0.00822355683439945
0.06553240958060462
0.18943927355871143
0.02990813429767579
0.15745343498470088
0.06166851743015147
0.0749078184331286
0.04421145102328194
0.053370527316796465
0.09627377207403272
0.020091491944289955
0.10881966153863518
0.09819301463169719
0.023722400191350607
0.03264496806836527
0.01731692411777326
0.10940373563428221
0.08716408290711697
0.027903952815570163
0.05090770830580681
0.06580163862069405
0.02265340629549625
0.0
0.0
0.13112068135581592
0.027440451974703378
0.042857396743040885
0.04622938854806209
0.25324823434534327
0.015290990282840514
0.04328953520974494
0.03854718913881011
0.03755525276816763
0.07468214782838842
0.12619054450801856
0.05818533575645414
0.09169134517068975
0.16710798948993674
0.05556725742432578
0.057197588472746544
0.10341292735434478
0.031024835267974563
0.06144172084566812
0.02769522576264099
0.0457571728729923
0.04120033362707155
0.04232432668558995
0.08638361073735382
0.06857812343867857
0.033371730855220806
0.020979330335673268
0.06102283054163107
0.14557733675774884
0.06282754685530066
0.08292285237351046
0.11551536407584514
0.1305795286237931
0.012601222634667451
0.024192817988050414
0.10470965250725923
0.0070151347035280085
0.05697866902520962
0.06569387006002302
0.024261194337731835
0.012105107764983762
0.09390130994442257
0.07157167403221307
0.14872070645446275
0.009640970650144963
0.24567746408025146
0.03862072692324794
0.03662536741833475
0.1713551200082756
0.0027376209447922597
0.01868703875728671
0.06168036659108088
0.024592078533528863
0.033421154683613154
0.12116071354372909
0.07127633221766687
0.07360582987250797
0.11884786255894457
0.1071225413007242
0.0552987730884691
0.15932475637616894
0.048133055954882646
0.0890050912841924
0.05744517317240443
0.004568766838705489
0.02380923034258017
0.05710643420096069
0.06913348037962404
0.15323164110257112
0.03692365733362083
0.15255017986630018
0.16007985629400018
0.10556355448432218
0.06308502842896728
0.058245727671273236
0.10518712028752189
0.009955265558647966
0.05353733864222624
0.15714868165651727
0.004604003931508975
0.03366701944513095
0.05426707060853402
0.001988372442510038
0.024187580050723207
0.1844626561155849
0.06270014754607847
0.022687154260081232
0.03670841934948948
0.028391511522933073
0.11397948038400892
0.026366029441617023
0.0
0.12609944479609805
0.12791827562648575
0.02462652338370181
0.0902620995050697
0.07340798640671167
0.11459622542983829
0.06658890402384547
0.03849668068924825
0.03384758967140037
0.03979057478363005
0.059386167720449703
0.033024655235269075
0.03621386930686964
0.0026233305321610185
0.09758558046393669
0.24326059736360642
0.018847470465356692
0.08563051734674497
0.06735060965212765
0.10222819147386676
0.08186414850622203
0.22701626210905498
0.02125188792417743
0.032039012641048845
0.07025390529942352
0.004140840521743647
0.15241751172038237
0.004486316733961418
0.07510700070836689
0.17073478132882686
0.1489766284289907
0.10929443000590734
0.063814133248236
0.04711933668869228
0.093973047695641
0.11017199873233378
0.03662903987469833
0.08051862577689416
0.05765545460913062
0.26596886411860593
0.04948382932673994
0.058530584513108906
0.021234545232438073
0.10042574003216644
0.03204644803416763
0.07954085894837343
0.03566864780100074
0.018071532247249045
0.04157785665341087
0.07624732813198973
0.08599370250291047
0.1250002407780024
0.05949138945577138
0.06147669366931397
0.04644135639598434
0.2072213615324258
0.04758638771940459
0.09957389439737438
0.030922623799992572
0.1319910827429925
0.009084164293121425
0.05188940754608598
0.1320049686680849
0.10844529999664104
0.002485278696458821
0.08491913290280576
0.05427775612680714
0.2742011265840541
0.0468686904073373
0.02513746887296771
0.04445388820773844
0.08493891940213394
0.01647993498117876
0.09406031111037282
0.1226458878441091
0.05109660597268198
0.12058901734672109
0.0829606050165871
0.024848241393893057
0.032589011550498426
0.25325235691624604
0.09892550432422069
0.030918129031099865
0.16514644253843544
0.019383659441154666
0.04549351206243327
0.17384210739978678
0.12763700124561173
0.22588840213474115
0.005336053694299395
0.19389241341554084
0.016174132211640928
0.10227038788680726
0.18791873645739604
0.20409106934050247
0.1581516532560127
0.26916300683295746
0.14843884193232507
0.06455129609677812
0.024538629866616195
0.03212236849048138
0.07685708494318157
0.09857510504313353
0.029381260213497518
0.027334722900885684
0.07347215885593289
0.06078814874978366
0.07130147397510435
0.02124730240576185
0.04003326253253825
0.08200680805876003
0.010655276104858965
0.07780873869704096
0.07734502318454807
0.040789973341733635
0.09033172571478737
0.07215418698255335
0.02575838028480451
0.02972784112719499
0.18046616038420046
0.04364759023326928
0.03760886787074248
0.030324568583617144
0.028309655758086614
0.12374609804374709
0.035509667147142814
0.013622586619018131
0.10856426292850968
0.156258669063793
0.11364854643608274
0.4063874195235245
0.01627635668723057
0.028390337098939036
0.058863391216822256
0.08514919655165426
0.03871991072865088
0.0629545100671111
0.0511970083714056
0.07507459810443268
0.08664801956692583
0.25424054226404413
0.042812410978503294
0.003875318279750413
0.012501204620484152
0.034165221620857666
0.05919119031080273
0.08684932538133802
0.03596682215254031
0.030270760749083404
0.05462422562076939
0.137389257909718
0.054068821623112565
0.002165215819346571
0.07899586895663467
0.07674680711160912
0.0
0.016508733063119115
0.17342000896326057
0.07356731594029153
0.005149341978886005
0.10468887959579089
0.05558615111695578
0.03947984676471388
0.2835020110127549
0.035374553568204466
0.41055687580465045
0.03568256216970694
0.024517484302111717
0.055287073553194725
0.021657263056183193
0.0581742546246107
0.2571287520697732
0.007931572556905712
0.0696830313839607
0.14643358601349174
0.4371342562264878
0.11078289268390387
0.04926691958200696
0.048225202036230964
0.05953736779842439
0.020645256765572266
0.011024692458218304
0.09134834209767732
0.1320768790052868
0.021264663727899022
0.07212866880439285
0.02971150092591218
0.03114082719480534
0.019725418085311655
0.009116751003543457
0.050991223506347085
0.03191351391554994
0.10614578673503186
0.0559584742647714
0.02916040951250953
0.13966949329740025
0.155964664921967
0.02303718016748981
0.1350880600167224
0.008314360136113894
0.04659078653474768
0.10115480575041387
0.015595321305702783
0.05649532987385057
0.0900378639457447
0.02121069326271976
0.018302211221955335
0.003165934760788248
0.07759460786281165
0.03570620537275794
0.028659279017571218
0.053283707025595005
0.0314936599808347
0.13769595339955437
0.0518411311686599
0.09822274332512639
0.009036427170276227
0.0650400677291333
0.03577332684595507
0.14180883841079422
0.04776662731208186
0.03283112106083641
0.2334395310015493
0.07018126499715407
0.03253122647668973
0.04874189897965117
0.07744414073873276
0.011963293052931805
0.103946114849869
0.027450387979525447
0.07065920917225103
0.03205518920749824
0.06238867780548042
0.011751358106327017
0.04397837255893814
0.03635513513490331
0.10493765518904395
0.01850601819679392
0.06115441309600049
0.0515319322980438
0.0920612064603239
0.022684565891372247
0.0
0.05357914926730258
0.06383220447963954
0.008567942924124513
0.06905979332494956
0.11016262752978946
0.0758916596726662
0.028258105864737013
0.11890031153991794
0.018217346541227322
0.006303241188972556
0.12088391194667636
0.05365387962412036
0.01352106191118234
0.024318130531243584
0.1330732406739928
0.0197643772165335
0.10562245801396099
0.11406044543610816
0.0651467440768308
0.10620523734190365
0.009926498947966631
0.08851253947096423
0.12305843894737584
0.013842633027950541
0.033696253591917115
0.0799406900944171
0.06795711846894785
0.02438117729334107
0.10463785809314441
0.013021093063164124
0.01171818183669411
0.07866373732185983
0.08160450964897449
0.022712920823035523
0.013065479316585174
0.007642147357231512
0.014180732260239989
0.0361418828838501
0.05370983040072007
0.050241973595065284
0.0162556504575299
0.06773717167045613
0.010649258064797516
0.053282712385539534
0.02931489757571986
0.05778400599882028
0.09465369020398229
0.019523553041613743
0.03242976697397706
0.041147624205599954
0.044559973199490295
0.017861556079670975
0.007177082283002356
0.11479578624586312
0.007911889997512637
0.033635195036059266
0.022582217846450984
0.04500148655671895
0.023706550158887067
0.009404876727972104
0.043732663701917085
0.03314700673463497
0.0657230880565568
0.06938643755135081
0.06778490970647369
0.04593397618802916
0.2273785993942245
0.002295358308385252
0.023645915849049133
0.018645882430076963
0.06385609202168137
0.03283127871060166
0.12463282776094411
0.04683297329653483
0.043733205606151355
0.013524405055234253
0.02829282247528422
0.0711350417311405
0.03647519252817279
0.10343000869630949
0.04755857704026088
0.024249952123501513
0.006193589357459232
0.08197787149987021
0.03406556912883202
0.05164681254439965
0.09584156746922746
0.06443005724165665
0.11604849469834581
0.0260028614869055
0.11562198180835917
0.015976285066268893
0.017594002424332872
0.03699751283988388
0.10395743057511204
0.01942861611486074
0.014366570468969844
0.05174358199191836
0.04474337839886652
0.03433099930789505
0.013269768737433503
0.05862699545183312
0.07489783132331337
0.034863403202982035
0.05351260824538791
0.0
0.014305498806738013
0.02151362948523192
0.017446462255438232
0.010063035260632066
0.03211903625003316
0.09011332584683764
0.037533032684837535
0.026769246108913805
0.369287949274769
0.0513650945360323
0.04465345557139726
0.024905773859565637
0.13669228575740724
0.00965285778174358
0.04230318012502079
0.04889593739703568
0.06365715185947526
0.02986039567416838
0.022858529105675394
0.08652295832956228
0.04035560357287189
0.005208343115067627
0.00953270178574789
0.059086470684201746
0.09003719191267921
0.00396618553106546
0.043161039079779195
0.0
0.049128322921548305
0.08555079239209212
0.11143547186859057
0.05789636300180182
0.05836794013185182
0.006044920757219639
0.12121075451441687
0.0056010489752948665
0.10152449904369835
0.02184020492385037
0.052818407568905115
0.00984479531280166
0.06832110776168443
0.008535982466992886
0.012527679965586364
0.13945520092710886
0.026563668582604633
0.07964547942739092
0.04223968277166116
0.008641153384428318
0.021419683117311784
0.058565298202104835
0.07752619327482402
0.016649413619696993
0.11112914005228622
0.0653083485063095
0.03145817694109707
0.04616287411912165
0.05171561292185843
0.13604857415544377
0.03157043909028408
0.04562670118110547
0.07485351191282505
0.04039040513654929
0.03373537280064613
0.07522254903061068
0.5347348693219446
0.09602904037858741
0.07919025611140693
0.0221451598500523
0.030711840025932968
0.028942664813304767
0.1309837441229871
0.013946685597438087
0.020521590784772226
0.03179147814272801
0.021701166132152682
0.017664592417471394
0.011698963561393723
0.01721439067257529
0.013242396612842251
0.07336528349792798
0.027731921324427502
0.13439066596255805
0.041720226587611084
0.08572068636646307
0.060749303872738025
0.0840880198555368
0.014519778287112648
0.03355426017841069
0.027222200242769296
0.026503141288946912
0.08468732279335266
0.08400067447638761
0.025448844554301533
0.03433507287108377
0.001378195988974432
0.08325206309516285
0.007366278598870146
0.0433331328304602
0.0019474314179221894
0.022081958350142063
0.012776836001863677
0.03454723249251577
0.022771336764798776
0.007114991898362528
0.1245616823318561
0.01837499487859414
0.06788335573737968
0.06194520993225426
0.04992672710462318
0.03344284531216532
0.045723153512658495
0.02977842568760042
0.03185156247920209
0.07324015102948718
0.02111659672025772
0.03685854666142045
0.043379564583551786
0.02483433221145784
0.08373873409689307
0.04961462752049988
0.016749435769177687
0.014083843026305312
0.12918074164914317
0.11501147051054261
0.008321582626189887
0.14627510089695522
0.03815415350379096
0.07586686091712519
0.037406029344310296
0.013464413722478238
0.11634258188219047
0.009264406692149502
0.021098249736366356
0.12731616320272063
0.07447947575763324
0.03536393885346765
0.07584661064144364
0.1181427495102312
0.15375472643812224
0.09232674404713705
0.04775693873261813
0.1300905852355237
0.06442383091924993
0.018669275391027428
0.014905920576755749
0.09923147159542318
0.08397688526938717
0.019578732735837868
0.07608131334319303
0.019753091758921214
0.01751111756797771
0.01883661558800233
0.0
0.029854380724242863
0.06365905731120043
0.06440098401330559
0.022417375736339406
0.06059609626074048
0.013378341644380143
0.12235012284571818
0.09727301604205452
0.03846053370216649
0.04753679738211973
0.027018076044451153
0.1127187028291889
0.17126711907956602
0.2583010001066166
0.0
0.026621511734437855
0.06322602593276704
0.03251531722721158
0.0727222634451087
0.02730944485824778
0.0631579570284034
0.05208791769656901
0.027699484231217257
0.13822375254807295
0.11598574162194278
0.08168691939660133
0.05161613645369543
0.06720222923177792
0.061864928645767044
0.06122959110283921
0.003813210636900831
0.03967530276156823
0.21277834848247365
0.03790944985738709
0.022242052541116015
0.06136272028814729
0.10198751530863566
0.1081118323146153
0.012541428638080679
0.06291781706568499
0.04304488378443356
0.03584659367205478
0.0807819215607394
0.12415097418265339
0.035851374349682004
0.036345726103598486
0.016765529187539915
0.010500307615280266
0.07538455020027361
0.045077751725845834
0.029765252239666785
0.0012966039128829827
0.02203973377609031
0.005235946780561368
0.02084505676842293
0.22610626712652473
0.0
0.02586169819952396
0.027290790403660465
0.01870562670161195
0.09620404064476691
0.229173358116094
0.04255313671225611
0.07840728400040142
0.01694381338338338
0.016782594826364284
0.14086386761867073
0.061986900970255984
0.01494483045673747
0.009276845653111031
0.002447654238047251
0.027934070573246914
0.006495462720165219
0.010831245853360668
0.005372742782828852
0.04986840338280881
0.013058898772861854
0.010547909353922335
0.05334733538877428
0.0
0.016368473084287384
0.027102614431806976
0.016516368179136494
0.03356996692968906
0.009520024143284097
0.060342201801039615
0.03852653814705857
0.0968915379258396
0.003911004269179701
0.013264880242628684
0.03838565618576912
0.0027522935779816515
0.010055681128351323
0.3123479683123143
0.015864135968533276
0.006583222338555799
0.09809397189535736
0.028318898660601246
0.024051012455575286
0.011916528963647383
0.009933006273440015
0.08120735969349453
0.03935923865545385
0.041060674748159956
0.01401925484755511
0.07849352439270293
0.019966618247536455
0.09486242389736449
0.018446285283577134
0.028443584959420717
0.02943625997895881
0.00791053500100167
0.030187205431451678
0.03628507220229284
0.024271963601330434
0.04006627625638297
0.3839258005714131
0.026930008366964447
0.03083439144952308
0.04126728054529968
0.016654519944496828
0.030904918747052822
0.10816776202017896
0.0069685726678788305
0.021147983592745053
0.06064360678427077
0.018516732992987183
0.01301648211080397
0.06956291121650611
0.01341387928330456
0.05582700932422869
0.022426664033520165
0.03848063158908114
0.037297065861322885
0.05413843005402243
0.028503993734724013
0.13464231614099545
0.02747378430212205
0.030788861362241845
0.02598167181169339
0.04655746472985962
0.07253160776739082
0.043401042110863576
0.019096973605657895
0.0855620187274274
0.22531919051807078
0.031232243052798068
0.022762828701950417
0.10521760192113139
0.04069312296311718
0.016470864741473985
0.06967179219477751
0.012961804603767087
0.06876218851646362
0.026376476468436345
0.019820274457550295
0.033440534899022926
0.030327975750804887
0.04844376202966888
0.03639582148720966
0.05372438539937831
0.17981482152699238
0.02058719958864074
0.03210680971875002
0.03642177396452982
0.04697077130486043
0.03762817159968055
0.069406387888931
0.04220984646157569
0.022116068157196946
0.3102222629578806
0.08542856708122912
0.06803662764615008
0.044513490983742264
0.02943078641896639
0.12221394846449354
0.07985492933327153
0.04071311607063493
0.10582057201726772
0.06200587110353549
0.07131828796233945
0.06635137251473278
0.0008960573476702509
0.02193672601686184
0.04244883597939941
0.04269262532996195
0.05031787915988176
0.08659928933026607
0.011576777917744203
0.03369099536187424
0.04723949854477276
0.2205143781771183
0.04166630381842763
0.014805362891761613
0.05344795251215468
0.05466924781348846
0.05196115358309328
0.07984336515835452
0.021647496311121568
0.09001443488308727
0.057407525378539874
0.02204723533769601
0.048353413918284405
0.04461769846106508
0.01764398055169572
0.07571212012480896
0.13736649768637205
0.05893584649993248
0.002945547997325514
0.006996359979419346
0.11246739429410248
0.03393528353029169
0.05836285314834769
0.0511103478603069
0.07768251970387131
0.132036713122476
0.01831639276195728
0.1290879761722011
0.02980658424592261
0.032518437285833
0.056005432712208744
0.039980376346729414
0.047917109355782604
0.08135801671379157
0.033128809438241195
0.02127391945640272
0.0744726271427442
0.03442256476696152
0.06526768539086109
0.02378218282834667
0.02441469039402088
0.04017223346583835
0.07494832293779188
0.06769850837724925
0.0743989694697244
0.03636876263932563
0.07564144441431014
0.03391240608032931
0.04184569853888012
0.0807223979801097
0.046428230317821985
0.043522146409275916
0.04373440459938721
0.02485604411460595
0.06338898121152743
0.04867696574275522
0.07304110536307275
0.03990653790366471
0.05593070206868854
0.019411022482669536
0.06268802584918516
0.035524532959946065
0.04842990467917269
0.020844953542673687
0.13164252568858817
0.05495100696276479
0.11149714575919394
0.05168759406043649
0.06046390450173345
0.07421755059894426
0.033763874908160206
0.11447955290038198
0.05788736667074805
0.04476932158225656
0.03430481366451129
0.00741502280102869
0.03491298703938261
0.03787203109443674
0.013199891007850791
0.036077808296425734
0.03670798335715094
0.0490891638971506
0.055408154118335856
0.14198991682675088
0.021458438251799546
0.0640558747349662
0.01723882095860948
0.0646430560874709
0.03276870980904286
0.04213947413442953
0.04388926456293874
0.05637922506801732
0.17042704001917447
0.030806681891962635
0.046725858839173524
0.1903843632782505
0.053930146561161824
0.08122373204036513
0.07266740531332398
0.0775368597940775
0.03262450553600698
0.0145664945862747
0.040144990754180085
0.040543925020324285
0.13624979972716036
0.05732759615569252
0.0939303294991634
0.11680545644403251
0.07916496723507489
0.06662503613481793
0.14817567648538546
0.10136028798280454
0.09323591389308399
0.1178611243828635
0.028817247397715143
0.2725641025641025
0.11054117371837725
0.050120048486792364
0.056814109171811365
0.04276649547699592
0.020826822808275695
0.06135123570110237
0.026112005141519724
0.04595747257690578
0.09957815804331072
0.05421443759544446
0.08768772818619147
0.23186540105481712
0.0042182872795886285
0.04901182164332643
0.08761325604633616
0.043162327085417715
0.03587338271004517
0.03863255376665339
0.26735054110830514
0.07738753416390556
0.09413120259699087
0.04706268969721912
0.021425056863089792
0.02020493905366076
0.06286942865258523
0.04240277750437278
0.09161690682052218
0.02244390739025494
0.06324232416833285
0.03586597072026568
0.09301251007488535
0.06923772793409921
0.0032731923035592713
0.09964885925103491
0.08884245256232662
0.08613808478109507
0.01676534859956594
0.5838760518354027
0.06937223641558642
0.044620420695130905
0.08100185410159177
0.01767553032400232
0.044746111978015805
0.017741165070535317
0.03046691576373865
0.0566929379012331
0.10692008226225327
0.03459793579881893
0.05043069594741265
0.16612623598269532
0.1630860095976375
0.10032679738562092
0.057939358848820045
0.0515485104404842
0.009057075220372607
0.12488788221049077
0.028846722676729303
0.04330867345049153
0.015950227497361504
0.0664828952542796
0.07244756613333055
0.032163882636854324
0.21647625094100464
0.245497127095654
0.07469927541708977
0.042415126252877904
0.03184632628105206
0.11754872295889787
0.05709221429336705
0.09570494864612512
0.04597225912905758
0.06374457554999022
0.07087421495118504
0.14130789064621785
0.04361569980733638
0.06550776210303465
0.13291322865080626
0.045445523542809445
0.05727477049827548
0.08285639755421266
0.09138516699606875
0.11772072344248015
0.017784914507347142
0.005689150423828373
0.08306920649837454
0.03462037447269632
0.07458857392980474
0.03208299742077201
0.07801364715806772
0.0
0.09294261739234526
0.1184955603249168
0.061261370124237956
0.0
0.22842360541636342
0.2053521377866364
0.11382147655650636
0.010846602497400786
0.06062899956783115
0.11356244079884478
0.007294244224283515
0.01662556123846589
0.2028876290903766
0.09825687188466886
0.06298262970736838
0.05482675865268577
0.06948453303106988
0.15985569573940595
0.05103033233353593
0.025604098680017465
0.05090706858422372
0.0080184069931704
0.11026621507188736
0.04397843172864505
0.059640637210270374
0.03570113161626822
0.08209461593079789
0.1106275681552157
0.052892337577130785
0.04597375508022804
0.06053564763632522
0.04515792405529484
0.06778660304636298
0.07149625453230254
0.1577208173970055
0.13344737509511037
0.061319046925320135
0.03951065575806285
0.09620672235231505
0.08071149556422617
0.13405730130452978
0.0665492899946949
0.05507474256275468
0.06941334685385936
0.041373714022823325
0.14648647754259644
0.023373738580097152
0.07861027850017273
0.0730307002365826
0.07002411199594526
0.011718748445587474
0.00822355683439945
0.06553240958060462
0.18943927355871143
0.02990813429767579
0.15745343498470088
0.06166851743015147
0.0749078184331286
0.04421145102328194
0.053370527316796465
0.09627377207403272
0.020091491944289955
0.10881966153863518
0.09819301463169719
0.023722400191350607
0.03264496806836527
0.01731692411777326
0.10940373563428221
0.08716408290711697
0.027903952815570163
0.05090770830580681
0.06580163862069405
0.02265340629549625
0.0
0.0
0.13112068135581592
0.027440451974703378
0.042857396743040885
0.04622938854806209
0.25324823434534327
0.015290990282840514
0.04328953520974494
0.03854718913881011
0.03755525276816763
0.07468214782838842
0.12619054450801856
0.05818533575645414
0.09169134517068975
0.16710798948993674
0.05556725742432578
0.057197588472746544
0.10341292735434478
0.031024835267974563
0.06144172084566812
0.02769522576264099
0.0457571728729923
0.04120033362707155
0.04232432668558995
0.08638361073735382
0.06857812343867857
0.033371730855220806
0.020979330335673268
0.06102283054163107
0.14557733675774884
0.06282754685530066
0.08292285237351046
0.11551536407584514
0.1305795286237931
0.012601222634667451
0.024192817988050414
0.10470965250725923
0.0070151347035280085
0.05697866902520962
0.06569387006002302
0.024261194337731835
0.012105107764983762
0.09390130994442257
0.07157167403221307
0.14872070645446275
0.009640970650144963
0.24567746408025146
0.03862072692324794
0.03662536741833475
0.1713551200082756
0.0027376209447922597
0.01868703875728671
0.06168036659108088
0.024592078533528863
0.033421154683613154
0.12116071354372909
0.07127633221766687
0.07360582987250797
0.11884786255894457
0.1071225413007242
0.0552987730884691
0.15932475637616894
0.048133055954882646
0.0890050912841924
0.05744517317240443
0.004568766838705489
0.02380923034258017
0.05710643420096069
0.06913348037962404
0.15323164110257112
0.03692365733362083
0.15255017986630018
0.16007985629400018
0.10556355448432218
0.06308502842896728
0.058245727671273236
0.10518712028752189
0.009955265558647966
0.05353733864222624
0.15714868165651727
0.004604003931508975
0.03366701944513095
0.05426707060853402
0.001988372442510038
0.024187580050723207
0.1844626561155849
0.06270014754607847
0.022687154260081232
0.03670841934948948
0.028391511522933073
0.11397948038400892
0.026366029441617023
0.0
0.12609944479609805
0.12791827562648575
0.02462652338370181
0.0902620995050697
0.07340798640671167
0.11459622542983829
0.06658890402384547
0.03849668068924825
0.03384758967140037
0.03979057478363005
0.059386167720449703
0.033024655235269075
0.03621386930686964
0.0026233305321610185
0.09758558046393669
0.24326059736360642
0.018847470465356692
0.08563051734674497
0.06735060965212765
0.10222819147386676
0.08186414850622203
0.22701626210905498
0.02125188792417743
0.032039012641048845
0.07025390529942352
0.004140840521743647
0.15241751172038237
0.004486316733961418
0.07510700070836689
0.17073478132882686
0.1489766284289907
0.10929443000590734
0.063814133248236
0.04711933668869228
0.093973047695641
0.11017199873233378
0.03662903987469833
0.08051862577689416
0.05765545460913062
0.26596886411860593
0.04948382932673994
0.058530584513108906
0.021234545232438073
0.10042574003216644
0.03204644803416763
0.07954085894837343
0.03566864780100074
0.018071532247249045
0.04157785665341087
0.07624732813198973
0.08599370250291047
0.1250002407780024
0.05949138945577138
0.06147669366931397
0.04644135639598434
0.2072213615324258
0.04758638771940459
0.09957389439737438
0.030922623799992572
0.1319910827429925
0.009084164293121425
0.05188940754608598
0.1320049686680849
0.10844529999664104
0.002485278696458821
0.08491913290280576
0.05427775612680714
0.2742011265840541
0.0468686904073373
0.02513746887296771
0.04445388820773844
0.08493891940213394
0.01647993498117876
0.09406031111037282
0.1226458878441091
0.05109660597268198
0.12058901734672109
0.0829606050165871
0.024848241393893057
0.032589011550498426
0.25325235691624604
0.09892550432422069
0.030918129031099865
0.16514644253843544
0.019383659441154666
0.04549351206243327
0.17384210739978678
0.12763700124561173
0.22588840213474115
0.005336053694299395
0.19389241341554084
0.016174132211640928
0.10227038788680726
0.18791873645739604
0.20409106934050247
0.1581516532560127
0.26916300683295746
0.14843884193232507
0.06455129609677812
0.024538629866616195
0.03212236849048138
0.07685708494318157
0.09857510504313353
0.029381260213497518
0.027334722900885684
0.07347215885593289
0.06078814874978366
0.07130147397510435
0.02124730240576185
0.04003326253253825
0.08200680805876003
0.010655276104858965
0.07780873869704096
0.07734502318454807
0.040789973341733635
0.09033172571478737
0.07215418698255335
0.02575838028480451
0.02972784112719499
0.18046616038420046
0.04364759023326928
0.03760886787074248
0.030324568583617144
0.028309655758086614
0.12374609804374709
0.035509667147142814
0.013622586619018131
0.10856426292850968
0.156258669063793
0.11364854643608274
0.4063874195235245
0.01627635668723057
0.028390337098939036
0.058863391216822256
0.08514919655165426
0.03871991072865088
0.0629545100671111
0.0511970083714056
0.07507459810443268
0.08664801956692583
0.25424054226404413
0.042812410978503294
0.003875318279750413
0.012501204620484152
0.034165221620857666
0.05919119031080273
0.08684932538133802
0.03596682215254031
0.030270760749083404
0.05462422562076939
0.137389257909718
0.054068821623112565
0.002165215819346571
0.07899586895663467
0.07674680711160912
0.0
0.016508733063119115
0.17342000896326057
0.07356731594029153
0.005149341978886005
0.10468887959579089
0.05558615111695578
0.03947984676471388
0.2835020110127549
0.035374553568204466
0.41055687580465045
0.03568256216970694
0.024517484302111717
0.055287073553194725
0.021657263056183193
0.0581742546246107
0.2571287520697732
0.007931572556905712
0.0696830313839607
0.14643358601349174
0.4371342562264878
0.11078289268390387
0.04926691958200696
0.048225202036230964
0.05953736779842439
0.020645256765572266
0.011024692458218304
0.09134834209767732
0.1320768790052868
0.021264663727899022
0.07212866880439285
0.02971150092591218
0.03114082719480534
0.019725418085311655
0.009116751003543457
0.050991223506347085
0.03191351391554994
0.10614578673503186
0.0559584742647714
0.02916040951250953
0.13966949329740025
0.155964664921967
0.02303718016748981
0.1350880600167224
0.008314360136113894
0.04659078653474768
0.10115480575041387
0.015595321305702783
0.05649532987385057
0.0900378639457447
0.02121069326271976
0.018302211221955335
0.003165934760788248
0.07759460786281165
0.03570620537275794
0.028659279017571218
0.053283707025595005
0.0314936599808347
0.13769595339955437
0.0518411311686599
0.09822274332512639
0.009036427170276227
0.0650400677291333
0.03577332684595507
0.14180883841079422
0.04776662731208186
0.03283112106083641
0.2334395310015493
0.07018126499715407
0.03253122647668973
0.04874189897965117
0.07744414073873276
0.011963293052931805
0.103946114849869
0.027450387979525447
0.07065920917225103
0.03205518920749824
0.06238867780548042
0.011751358106327017
0.04397837255893814
0.03635513513490331
0.10493765518904395
0.01850601819679392
0.06115441309600049
0.0515319322980438
0.0920612064603239
0.022684565891372247
0.0
0.05357914926730258
0.06383220447963954
0.008567942924124513
0.06905979332494956
0.11016262752978946
0.0758916596726662
0.028258105864737013
0.11890031153991794
0.018217346541227322
0.006303241188972556
0.12088391194667636
0.05365387962412036
0.01352106191118234
0.024318130531243584
0.1330732406739928
0.0197643772165335
0.10562245801396099
0.11406044543610816
0.0651467440768308
0.10620523734190365
0.009926498947966631
0.08851253947096423
0.12305843894737584
0.013842633027950541
0.033696253591917115
0.0799406900944171
0.06795711846894785
0.02438117729334107
0.10463785809314441
0.013021093063164124
0.01171818183669411
0.07866373732185983
0.08160450964897449
0.022712920823035523
0.013065479316585174
0.007642147357231512
0.014180732260239989
0.0361418828838501
0.05370983040072007
0.050241973595065284
0.0162556504575299
0.06773717167045613
0.010649258064797516
0.053282712385539534
0.02931489757571986
0.05778400599882028
0.09465369020398229
0.019523553041613743
0.03242976697397706
0.041147624205599954
0.044559973199490295
0.017861556079670975
0.007177082283002356
0.11479578624586312
0.007911889997512637
0.033635195036059266
0.022582217846450984
0.04500148655671895
0.023706550158887067
0.009404876727972104
0.043732663701917085
0.03314700673463497
0.0657230880565568
0.06938643755135081
0.06778490970647369
0.04593397618802916
0.2273785993942245
0.002295358308385252
0.023645915849049133
0.018645882430076963
0.06385609202168137
0.03283127871060166
0.12463282776094411
0.04683297329653483
0.043733205606151355
0.013524405055234253
0.02829282247528422
0.0711350417311405
0.03647519252817279
0.10343000869630949
0.04755857704026088
0.024249952123501513
0.006193589357459232
0.08197787149987021
0.03406556912883202
0.05164681254439965
0.09584156746922746
0.06443005724165665
0.11604849469834581
0.0260028614869055
0.11562198180835917
0.015976285066268893
0.017594002424332872
0.03699751283988388
0.10395743057511204
0.01942861611486074
0.014366570468969844
0.05174358199191836
0.04474337839886652
0.03433099930789505
0.013269768737433503
0.05862699545183312
0.07489783132331337
0.034863403202982035
0.05351260824538791
0.0
0.014305498806738013
0.02151362948523192
0.017446462255438232
0.010063035260632066
0.03211903625003316
0.09011332584683764
0.037533032684837535
0.026769246108913805
0.369287949274769
0.0513650945360323
0.04465345557139726
0.024905773859565637
0.13669228575740724
0.00965285778174358
0.04230318012502079
0.04889593739703568
0.06365715185947526
0.02986039567416838
0.022858529105675394
0.08652295832956228
0.04035560357287189
0.005208343115067627
0.00953270178574789
0.059086470684201746
0.09003719191267921
0.00396618553106546
0.043161039079779195
0.0
0.049128322921548305
0.08555079239209212
0.11143547186859057
0.05789636300180182
0.05836794013185182
0.006044920757219639
0.12121075451441687
0.0056010489752948665
0.10152449904369835
0.02184020492385037
0.052818407568905115
0.00984479531280166
0.06832110776168443
0.008535982466992886
0.012527679965586364
0.13945520092710886
0.026563668582604633
0.07964547942739092
0.04223968277166116
0.008641153384428318
0.021419683117311784
0.058565298202104835
0.07752619327482402
0.016649413619696993
0.11112914005228622
0.0653083485063095
0.03145817694109707
0.04616287411912165
0.05171561292185843
0.13604857415544377
0.03157043909028408
0.04562670118110547
0.07485351191282505
0.04039040513654929
0.03373537280064613
0.07522254903061068
0.5347348693219446
0.09602904037858741
0.07919025611140693
0.0221451598500523
0.030711840025932968
0.028942664813304767
0.1309837441229871
0.013946685597438087
0.020521590784772226
0.03179147814272801
0.021701166132152682
0.017664592417471394
0.011698963561393723
0.01721439067257529
0.013242396612842251
0.07336528349792798
0.027731921324427502
0.13439066596255805
0.041720226587611084
0.08572068636646307
0.060749303872738025
0.0840880198555368
0.014519778287112648
0.03355426017841069
0.027222200242769296
0.026503141288946912
0.08468732279335266
0.08400067447638761
0.025448844554301533
0.03433507287108377
0.001378195988974432
0.08325206309516285
0.007366278598870146
0.0433331328304602
0.0019474314179221894
0.022081958350142063
0.012776836001863677
0.03454723249251577
0.022771336764798776
0.007114991898362528
0.1245616823318561
0.01837499487859414
0.06788335573737968
0.06194520993225426
0.04992672710462318
0.03344284531216532
0.045723153512658495
0.02977842568760042
0.03185156247920209
0.07324015102948718
0.02111659672025772
0.03685854666142045
0.043379564583551786
0.02483433221145784
0.08373873409689307
0.04961462752049988
0.016749435769177687
0.014083843026305312
0.12918074164914317
0.11501147051054261
0.008321582626189887
0.14627510089695522
0.03815415350379096
0.07586686091712519
0.037406029344310296
0.013464413722478238
0.11634258188219047
0.009264406692149502
0.021098249736366356
0.12731616320272063
0.07447947575763324
0.03536393885346765
0.07584661064144364
0.1181427495102312
0.15375472643812224
0.09232674404713705
0.04775693873261813
0.1300905852355237
0.06442383091924993
0.018669275391027428
0.014905920576755749
0.09923147159542318
0.08397688526938717
0.019578732735837868
0.07608131334319303
0.019753091758921214
0.01751111756797771
0.01883661558800233
0.0
0.029854380724242863
0.06365905731120043
0.06440098401330559
0.022417375736339406
0.06059609626074048
0.013378341644380143
0.12235012284571818
0.09727301604205452
0.03846053370216649
0.04753679738211973
0.027018076044451153
0.1127187028291889
0.17126711907956602
0.2583010001066166
0.0
0.026621511734437855
0.06322602593276704
0.03251531722721158
0.0727222634451087
0.02730944485824778
0.0631579570284034
0.05208791769656901
0.027699484231217257
0.13822375254807295
0.11598574162194278
0.08168691939660133
0.05161613645369543
0.06720222923177792
0.061864928645767044
0.06122959110283921
0.003813210636900831
0.03967530276156823
0.21277834848247365
0.03790944985738709
0.022242052541116015
0.06136272028814729
0.10198751530863566
0.1081118323146153
0.012541428638080679
0.06291781706568499
0.04304488378443356
0.03584659367205478
0.0807819215607394
0.12415097418265339
0.035851374349682004
0.036345726103598486
0.016765529187539915
0.010500307615280266
0.07538455020027361
0.045077751725845834
0.029765252239666785
0.0012966039128829827
0.02203973377609031
0.005235946780561368
0.02084505676842293
0.22610626712652473
0.0
0.02586169819952396
0.027290790403660465
0.01870562670161195
0.09620404064476691
0.229173358116094
0.04255313671225611
0.07840728400040142
0.01694381338338338
0.016782594826364284
0.14086386761867073
0.061986900970255984
0.01494483045673747
0.009276845653111031
